[{"id": 0, "img_name": "000000", "width": 768, "height": 480, "position": [-0.38825332786346084, -0.5397888113599458, -2.6456484079125233], "rotation": [[0.9931552839009425, 0.11462081116862016, 0.02246445429307648], [-0.11271008960714504, 0.9909328505467901, -0.07313358604609792], [-0.03064339668489019, 0.07010103675595812, 0.9970691184092264]], "fy": 554.0283643500793, "fx": 554.0283643500793}, {"id": 1, "img_name": "000008", "width": 768, "height": 480, "position": [-1.9259224368127044, 1.8739145299106177, -0.8313200009276456], "rotation": [[0.991142070201083, 0.1130874500161179, 0.06963207110494023], [-0.11188550835411849, 0.9935004810887214, -0.020938650787953646], [-0.07154739476634982, 0.012962358015863554, 0.9973529704055714]], "fy": 554.0283643500793, "fx": 554.0283643500793}, {"id": 2, "img_name": "000016", "width": 768, "height": 480, "position": [0.7126671528516716, 1.0980700895054836, 2.0423034679880225], "rotation": [[0.999430501089653, 0.02125844298915496, 0.026205955303365523], [-0.022139726470950177, 0.9991829989761999, 0.03381075374372541], [-0.025465781030171667, -0.034371691238636794, 0.9990846214600239]], "fy": 554.0283643500793, "fx": 554.0283643500793}, {"id": 3, "img_name": "000001", "width": 768, "height": 480, "position": [-0.160787563163881, -0.2603952115926217, -1.9676604186152151], "rotation": [[0.9942244750970108, 0.10166484692860596, 0.03437952904064099], [-0.09938001231595181, 0.9930738777095639, -0.0626728534771731], [-0.040513038273553674, 0.05889424683169878, 0.9974418085382087]], "fy": 554.0283643500793, "fx": 554.0283643500793}, {"id": 4, "img_name": "000002", "width": 768, "height": 480, "position": [0.6727586139521722, -0.3477133625155105, -0.7221093290221088], "rotation": [[0.9971625382030893, 0.07108257529229729, 0.024781846060926677], [-0.07011768724004035, 0.996820614673321, -0.03784404970943926], [-0.0273931075360292, 0.035999022932817454, 0.9989763200433742]], "fy": 554.0283643500793, "fx": 554.0283643500793}, {"id": 5, "img_name": "000003", "width": 768, "height": 480, "position": [1.970705690990512, -1.25605102500213, 0.7256078203464206], "rotation": [[0.9991888373450081, 0.028634488299417827, -0.028314897226749465], [-0.0286777992921335, 0.9995880746715161, -0.0011246342745388751], [0.028271030276432945, 0.0019357309528609539, 0.9995984202632511]], "fy": 554.0283643500793, "fx": 554.0283643500793}, {"id": 6, "img_name": "000004", "width": 768, "height": 480, "position": [3.240893435896465, -2.3291007247547024, 2.349169970732541], "rotation": [[0.9955906072026466, -0.01103674753125823, -0.09315327720373975], [0.015174571338986382, 0.9989238078459612, 0.04382874060708234], [0.09256929963299673, -0.04504904352432093, 0.994686638315304]], "fy": 554.0283643500793, "fx": 554.0283643500793}, {"id": 7, "img_name": "000005", "width": 768, "height": 480, "position": [3.9814345262663577, -2.9939242299307756, 3.5413619295615537], "rotation": [[0.9902619839186132, -0.03328317288920996, -0.13517926471171285], [0.04411773305852082, 0.9959797515494615, 0.07796127329161559], [0.13204101194458284, -0.08316588787417492, 0.987749262849004]], "fy": 554.0283643500793, "fx": 554.0283643500793}, {"id": 8, "img_name": "000006", "width": 768, "height": 480, "position": [3.5200711059048504, -2.1077847103084655, 3.747825355022505], "rotation": [[0.9926473915460258, -0.02193315722562361, -0.11903819836920813], [0.03261489374337864, 0.9955384065129202, 0.08854123256327169], [0.11656510954388966, -0.09177264173941664, 0.988933950001308]], "fy": 554.0283643500793, "fx": 554.0283643500793}, {"id": 9, "img_name": "000007", "width": 768, "height": 480, "position": [1.2972145550945497, 0.17739908873603916, 2.0778465882258317], "rotation": [[0.9986903709021306, 0.03466073241154961, -0.03763212319362032], [-0.03249167615186812, 0.9978569926185927, 0.05679536304153871], [0.039520046156437935, -0.055498251421761145, 0.9976763553582495]], "fy": 554.0283643500793, "fx": 554.0283643500793}, {"id": 10, "img_name": "000009", "width": 768, "height": 480, "position": [-3.7872748763113293, 2.590210334865164, -2.330623671144633], "rotation": [[0.9751548347828175, 0.15541904315401162, 0.15785426577950734], [-0.14309785563692112, 0.9859038682858802, -0.08669813268492346], [-0.1691036720825741, 0.06195549631815722, 0.9836490555905393]], "fy": 554.0283643500793, "fx": 554.0283643500793}, {"id": 11, "img_name": "000010", "width": 768, "height": 480, "position": [-3.1611578729371823, 2.255797094597016, -2.082436004038955], "rotation": [[0.9746848902702298, 0.13511468719461514, 0.17813867065634983], [-0.11790352056886187, 0.9875699608768085, -0.10394388972540254], [-0.1899687461567775, 0.08030936233142416, 0.978500016252193]], "fy": 554.0283643500793, "fx": 554.0283643500793}, {"id": 12, "img_name": "000011", "width": 768, "height": 480, "position": [-1.403830570035502, 1.1837433194567424, -0.8845457330596467], "rotation": [[0.9879199535789327, 0.08106335233051119, 0.13207156480309817], [-0.0709648395208756, 0.9943088429726635, -0.0794601556639536], [-0.13776123138378202, 0.06912783589338503, 0.9880501937818349]], "fy": 554.0283643500793, "fx": 554.0283643500793}, {"id": 13, "img_name": "000012", "width": 768, "height": 480, "position": [0.5198151304482552, -0.22933566196853214, 0.7676359438900485], "rotation": [[0.9979688733368344, 0.02166298365025645, 0.059906952769923784], [-0.019493635691036675, 0.9991412279480909, -0.036562341034540646], [-0.0606475557492163, 0.03532027397614059, 0.9975341358709965]], "fy": 554.0283643500793, "fx": 554.0283643500793}, {"id": 14, "img_name": "000013", "width": 768, "height": 480, "position": [1.3236190284137377, -1.0625861182121101, 1.4877172002437984], "rotation": [[0.9999972064856165, -0.0006790823686337738, -0.0022640380075567815], [0.0006784589311102011, 0.9999997317250331, -0.0002761219667995594], [0.0022642249097313064, 0.0002745851386422738, 0.999997398940897]], "fy": 554.0283643500793, "fx": 554.0283643500793}, {"id": 15, "img_name": "000014", "width": 768, "height": 480, "position": [2.047426513598048, -1.2406062484284095, 2.660625928377047], "rotation": [[0.999029987745805, -0.020323159315701608, -0.03906472552118276], [0.021859485334638232, 0.9989878735423422, 0.039311466727329776], [0.03822625387768821, -0.04012726891750585, 0.998463096866229]], "fy": 554.0283643500793, "fx": 554.0283643500793}, {"id": 16, "img_name": "000015", "width": 768, "height": 480, "position": [2.296818677169235, -0.22739138063956635, 3.892793314134547], "rotation": [[0.9991892043844407, -0.025341114108651922, -0.03128516864778642], [0.027551677823977876, 0.9969967164146928, 0.07237715459593969], [0.0293570926808477, -0.07318043040357927, 0.996886546059919]], "fy": 554.0283643500793, "fx": 554.0283643500793}, {"id": 17, "img_name": "000017", "width": 768, "height": 480, "position": [-1.880553411811592, 1.9385319189092411, -1.3602696286753813], "rotation": [[0.9872711504222732, 0.09446770729209172, 0.12795127128269132], [-0.08670028227766088, 0.9941127022061015, -0.0649845855988699], [-0.1333369288563941, 0.053063995245916075, 0.9896491680447603]], "fy": 554.0283643500793, "fx": 554.0283643500793}, {"id": 18, "img_name": "000018", "width": 768, "height": 480, "position": [-3.171777846190929, 1.9502991415306274, -3.3171335091672725], "rotation": [[0.9704458958798025, 0.13854415147523053, 0.19758613631035993], [-0.11242139891587061, 0.9840531749310413, -0.1378433095000855], [-0.21353264910979414, 0.1115565641284548, 0.9705456922597758]], "fy": 554.0283643500793, "fx": 554.0283643500793}, {"id": 19, "img_name": "000019", "width": 768, "height": 480, "position": [-1.9896356580751329, 1.378795204415506, -2.8276555519791553], "rotation": [[0.9746975532717, 0.11028309949733676, 0.1944281811143182], [-0.08280689944392622, 0.9860781305863271, -0.1441975651107118], [-0.20762393178688504, 0.12444901905854862, 0.9702601427476654]], "fy": 554.0283643500793, "fx": 554.0283643500793}]