[{"id": 0, "img_name": "000", "width": 346, "height": 260, "position": [-3.753013151273629, -2.521399550434985, -0.006290169631224167], "rotation": [[0.9636380541909957, -0.1495436607561187, 0.2214461425327848], [0.05697362943598056, 0.9246615104374597, 0.3765037804118402], [-0.26106647824621826, -0.3501967798869293, 0.8995590638156797]], "fy": 565.4122169419114, "fx": 565.4122169419114}, {"id": 1, "img_name": "005", "width": 346, "height": 260, "position": [-3.730379414199372, -1.7056429952131313, -0.5823833300347535], "rotation": [[0.9410258354626743, -0.19408494723893407, 0.27713067359467064], [0.1109735548363951, 0.9508474281151557, 0.2890917476749682], [-0.3196173448340208, -0.24128862737819634, 0.9163102919749382]], "fy": 582.6271139638893, "fx": 582.6271139638893}, {"id": 2, "img_name": "010", "width": 346, "height": 260, "position": [-4.126826218886409, -0.05597241748072942, -0.6641665091080534], "rotation": [[0.9562655513806055, -0.11802762428320179, 0.26762973517307426], [0.07001178117686828, 0.9807365978230709, 0.1823570020231476], [-0.2839974396701295, -0.155644484632419, 0.9461079476805594]], "fy": 575.1740437014582, "fx": 575.1740437014582}, {"id": 3, "img_name": "015", "width": 346, "height": 260, "position": [-3.5988546636599805, 1.7392848168664812, -0.35547596802965586], "rotation": [[0.9390571612641906, -0.1634666979602466, 0.3024074842599195], [0.1514476129155029, 0.9864590535969925, 0.0629456600467577], [-0.30860211992245934, -0.013310681218461726, 0.9510980797714107]], "fy": 559.8577486051357, "fx": 559.8577486051357}, {"id": 4, "img_name": "020", "width": 346, "height": 260, "position": [-3.677610660655502, 3.0386519879341756, -0.7789751652839384], "rotation": [[0.9298818878064398, -0.16458172555336253, 0.3289871279296637], [0.19801787596586432, 0.9776518941753986, -0.07060945130237842], [-0.3100138634440384, 0.13080378216677466, 0.9416909126902351]], "fy": 576.1403287839953, "fx": 576.1403287839953}, {"id": 5, "img_name": "025", "width": 346, "height": 260, "position": [-1.757427022700666, 3.9291660038970835, 0.2923164606073953], "rotation": [[0.9795549902304386, -0.1250035558098719, 0.15762655915020682], [0.1503398526120722, 0.9754906883975542, -0.16067310156415812], [-0.13367853167665258, 0.1810856921033633, 0.974339787899591]], "fy": 567.3503925881744, "fx": 567.3503925881744}, {"id": 6, "img_name": "030", "width": 346, "height": 260, "position": [-0.06435063422419168, 2.5406975114419033, -0.03875767340598739], "rotation": [[0.9999443224404331, -0.0104702995870169, 0.0013133338119189894], [0.010469734661876232, 0.9999450956479922, 0.0004362861875638781], [-0.0013178297512665476, -0.00042251163968041945, 0.999999042403872]], "fy": 566.5758691178587, "fx": 566.5758691178588}, {"id": 7, "img_name": "035", "width": 346, "height": 260, "position": [0.08242133680881275, 1.2187095973747273, -0.6449039844304888], "rotation": [[0.990776995600594, 0.09834058868962851, -0.09322056428083843], [-0.0719147130093841, 0.9646977153694571, 0.2533507292543834], [0.1148443252469992, -0.24431014423704817, 0.9628724393092961]], "fy": 567.2261452880398, "fx": 567.2261452880399}, {"id": 8, "img_name": "040", "width": 346, "height": 260, "position": [0.8066436518908128, -0.40880873922488514, -1.8297368582478475], "rotation": [[0.97842458357308, 0.1549692369551339, -0.1366377321876658], [-0.10150104484570165, 0.9365853371525262, 0.33541831215084217], [0.1799524163635365, -0.3143126498065778, 0.9321076579540006]], "fy": 635.5766526279547, "fx": 635.5766526279546}, {"id": 9, "img_name": "045", "width": 346, "height": 260, "position": [0.7535984297252123, -1.6048399959141946, -0.9544646755044852], "rotation": [[0.9788032705383435, 0.1478970881570957, -0.14167077644346654], [-0.09623712129987623, 0.9427580602440587, 0.31928929880090323], [0.18078322396548668, -0.298887422216981, 0.9370078627061422]], "fy": 600.1956306487454, "fx": 600.1956306487454}, {"id": 10, "img_name": "050", "width": 346, "height": 260, "position": [0.9333898123820196, -2.5550595676380348, -0.1828980602860049], "rotation": [[0.9688726183577505, 0.18409521405665924, -0.1655137503593879], [-0.09874934757154659, 0.900485267850554, 0.42352668007849265], [0.22701192865307948, -0.3939990286099051, 0.8906348015340857]], "fy": 598.3265975214977, "fx": 598.3265975214978}, {"id": 11, "img_name": "055", "width": 346, "height": 260, "position": [1.8336487433839423, -2.790135403120178, -0.10655030717057826], "rotation": [[0.9142906423082664, 0.21482201479190371, -0.34340082024987156], [-0.05054164865225957, 0.9016576583305469, 0.4294869135670913], [0.4018932235545271, -0.3753198224642841, 0.8352346183715861]], "fy": 589.9747269910458, "fx": 589.9747269910458}, {"id": 12, "img_name": "060", "width": 346, "height": 260, "position": [3.9840178514605857, -2.719366228513834, -1.317235940543153], "rotation": [[0.9170532736688704, 0.1785346697897233, -0.35656509214487375], [-0.04086532123045403, 0.9315427983043051, 0.36132816171468923], [0.39666524775172796, -0.31678602653914395, 0.8615702493793532]], "fy": 662.5665316769364, "fx": 662.5665316769364}, {"id": 13, "img_name": "065", "width": 346, "height": 260, "position": [4.157639457725993, -0.6039467141979349, 0.32593007898169085], "rotation": [[0.8973420552895838, 0.20961236355957039, -0.3883811180421053], [-0.09308346264456234, 0.9501063583796703, 0.2977135817335509], [0.43140781725736455, -0.23099905802728246, 0.8720818369853511]], "fy": 591.3869566296536, "fx": 591.3869566296536}, {"id": 14, "img_name": "070", "width": 346, "height": 260, "position": [4.362281906073114, -0.04468660451526849, 0.9960221305846471], "rotation": [[0.8721462382219667, 0.2584478100561239, -0.4154102413668519], [-0.18414591673233122, 0.9600528253460413, 0.2106866248623604], [0.4532672727057202, -0.1072534476008924, 0.8848985690301692]], "fy": 562.0763470202963, "fx": 562.0763470202965}, {"id": 15, "img_name": "075", "width": 346, "height": 260, "position": [4.6005770509544694, 1.6894243832881168, 0.7927773309307962], "rotation": [[0.8815260574069175, 0.1561162057126967, -0.4455777602467241], [-0.1332157107381389, 0.9876483748297236, 0.08248795129434637], [0.45295185674103233, -0.013357320467703592, 0.8914349092697539]], "fy": 609.6634010907436, "fx": 609.6634010907436}, {"id": 16, "img_name": "085", "width": 346, "height": 260, "position": [4.75700670309378, 0.4882327917924152, 2.7072899638266463], "rotation": [[0.6801188463508487, 0.3754417478090287, -0.6296680465455526], [-0.2956822851405349, 0.9264318614836062, 0.2330150044140749], [0.6708281010008915, 0.027703790898027228, 0.7410952427842294]], "fy": 536.8737885524014, "fx": 536.8737885524014}, {"id": 17, "img_name": "105", "width": 346, "height": 260, "position": [1.6526001619650812, -4.227464193839441, 1.274801314716214], "rotation": [[0.9199511142342077, 0.20899474153745345, -0.3316792809762657], [0.013991304213219246, 0.8280071895419794, 0.5605428953016941], [0.3917833467946956, -0.5203126868302229, 0.7588020276052652]], "fy": 598.4610141471599, "fx": 598.4610141471599}, {"id": 18, "img_name": "110", "width": 346, "height": 260, "position": [0.13550020818949704, -3.37291598658422, 0.8022890295022537], "rotation": [[0.9555338119272758, -0.1224071760169854, -0.2682752644640877], [0.22712111511834404, 0.8857457900372298, 0.4048090840121101], [0.18807214927024504, -0.44773974437263264, 0.8741613054682759]], "fy": 601.51918166052, "fx": 601.51918166052}, {"id": 19, "img_name": "115", "width": 346, "height": 260, "position": [-0.6375118738282931, -1.1985297548265705, 1.6957831000244532], "rotation": [[0.9906820012583478, -0.1256722960557204, -0.05249425098844634], [0.1342647058475783, 0.9658471887390526, 0.2216127179755983], [0.022850845639010867, -0.22659585611602023, 0.973720779712865]], "fy": 531.1591081453811, "fx": 531.1591081453811}, {"id": 20, "img_name": "120", "width": 346, "height": 260, "position": [-0.670439291690282, -0.139386909550395, -0.10314993276363267], "rotation": [[0.9958518262320157, -0.09058840687081388, -0.008537021199870577], [0.09075004710088302, 0.9820404076649443, 0.16541180932586882], [-0.00660069250508412, -0.165500387473498, 0.9861876355970884]], "fy": 574.8444608364736, "fx": 574.8444608364736}, {"id": 21, "img_name": "125", "width": 346, "height": 260, "position": [-0.8390189745359241, 1.0241538427110797, 0.08183006667233225], "rotation": [[0.9933732776645504, -0.11360663566743287, 0.017408720639813247], [0.11276099777290448, 0.9926639999455565, 0.043624999637216284], [-0.022237099704028904, -0.041372884168441273, 0.9988962888370034]], "fy": 571.4921496988653, "fx": 571.4921496988653}, {"id": 22, "img_name": "130", "width": 346, "height": 260, "position": [-1.2685967380963268, 2.040928757573978, 0.36090585691312965], "rotation": [[0.9875695102739455, -0.11602107786554189, 0.10604514070997019], [0.12015497178988886, 0.9921917653779506, -0.03344074566089153], [-0.10133728401457445, 0.04576691170598347, 0.9937988451701109]], "fy": 570.6230270347501, "fx": 570.6230270347502}, {"id": 23, "img_name": "135", "width": 346, "height": 260, "position": [-1.0385848996011182, 3.224260613671413, 0.18328701688079482], "rotation": [[0.9988277227710727, -0.04840430041219309, -0.0004515811768002201], [0.04802894641647903, 0.9921587448236753, -0.11538737095554231], [0.00603328518106534, 0.11523041599992213, 0.9933204672704619]], "fy": 579.9851486268507, "fx": 579.9851486268507}, {"id": 24, "img_name": "140", "width": 346, "height": 260, "position": [0.9737733700658949, 3.2652385313552275, 0.48530751189720983], "rotation": [[0.9900273167121201, -0.00943098487347191, -0.14055948451853278], [-0.003918520250369814, 0.9955270236257248, -0.09439592379945758], [0.14082101179457118, 0.09400532833420613, 0.9855619924093724]], "fy": 568.7911677804185, "fx": 568.7911677804185}, {"id": 25, "img_name": "145", "width": 346, "height": 260, "position": [1.9695410887265452, 2.567690878178594, 0.09735027169469701], "rotation": [[0.9746018669806252, 0.057907892476556845, -0.2163281693788478], [-0.0548641610541718, 0.9982924178034681, 0.020054236159166836], [0.2171200697994127, -0.007676232476239091, 0.976114722123004]], "fy": 588.2903348004796, "fx": 588.2903348004796}]